14.6	14.45	129	127.25
14.35	14.45	127.25	127
14.3	14.45	127.75	127
14.68	14.45	130	129.5
15.45	14.45	135.75	134.75
15.05	14.45	132.5	132.75
14.5	14.45	128.75	128.75
14.1	14.21	125	125.25
14.17	14.17	126.25	126.25
14.06	13.92	125.75	126.25
14.18	13.92	126.5	128.5
14.8	13.92	131.75	132
15.08	15.28	131.75	131.75
15.13	15.28	134.75	135.75
15.45	15.28	134.25	135.25
15.65	15.67	135.5	136.5
15.69	15.67	136.25	136.75
15.32	15.67	133.75	134.5
15.42	15.42	134.75	135.5
15.67	15.63	136.5	137.75
15.7	15.63	137.5	139.5
15.55	15.6	136.5	136.75
15.38	15.45	135.25	135.75
15	15.05	132.5	132.75
14.48	14.57	128.75	129.25
14.63	14.7	129.25	130.25
15.3	15.42	133	134.25
15.31	15.31	131.75	133
15.08	15.05	131.75	133.75
15.09	15.19	132	134.25
15.2	15.25	132.5	134.75
14.93	15	131	133.25
15.02	15.1	130.5	133.75
14.95	15.05	131.25	133.75
15.03	15.18	132	134.75
15.1	15.22	133	135.25
15.2	15.28	133.25	135.75
15.19	15.25	131.5	134.5
15.05	15.2	131.25	134.25
14.88	14.95	129.75	132.25
14.7	14.78	128	131
14.7	14.78	128	131
14.65	14.77	128	130.5
14.6	14.7	127.75	130.25
14.4	14.5	127.5	129.75
14.21	14.3	126	128
13.99	14.03	124.75	127
13.78	13.92	123.25	125.25
13.5	13.62	121	123
13.59	13.67	123	124.5
13.75	13.76	123.25	124.75
12.99	13.09	117.25	119
13.6	13.75	121.25	122.25
14.4	14.15	126.5	128.5
13.95	14.05	123.75	125.5
13.74	13.89	123.25	124.5
13.43	13.4	120.25	122
13.6	13.69	121.75	123.75
13.52	13.65	120.5	122.25
13.58	13.68	120.25	122
13.52	13.59	119.25	121
13.43	13.53	118.25	120.5
12.98	13.03	114.75	116.75
12.97	13.1	115.75	117.25
12.73	12.86	113.75	115.5
12.24	12.33	110.75	111.75
11.85	12.01	108	109.25
11.78	11.94	106.75	108.75
11.35	11.45	102	104
11.41	11.58	103.5	106
11.49	11.65	103.25	105.75
12	12.23	106	110.5
12.55	12.58	111.5	113.75
12.42	12.52	113.25	114.5
12.71	12.52	115.5	117
13.11	13.15	119.5	121.25
13.7	13.15	123.5	125.5
13.23	13.34	120.5	122.5
13.49	13.65	123	125.5
13.74	13.78	124	126
13.55	13.65	121.25	122.75
12.4	12.62	112.5	114
12.3	12.41	112.75	114.75
12.33	12.5	116.75	117.75
12.5	12.7	117.5	118.5
12.82	13.02	120.75	121.75
12.73	12.89	120.75	121.5
12.44	12.59	118.75	119.25
12.56	12.71	120.75	121.5
12.78	12.95	122.5	122.75
12.95	13.11	124.25	123.75
12.96	13.07	124.25	123.75
12.82	12.99	112.75	121.5
12.8	12.95	121.25	121.75
12.95	13.15	124.25	123.5
13.2	13.26	123.75	122.75
13.15	13.25	124.5	122.75
13.11	13.22	126	124
12.78	12.98	124.25	123
12.26	12.98	120.75	119
12.04	12.1	119.25	116.25
12.03	12.05	121	118
12.8	12.75	126.75	125
13.2	13.24	130	128.25
12.77	12.77	127	125
14.48	14.42	140.25	138
14.58	14.55	142.25	141.5
13.95	13.85	137	136
14.05	13.95	137.5	135.75
14.49	14.26	141.25	139
14.5	14.3	143	139.75
14.34	14.15	143.5	139.5
14.1	13.9	142	138.5
14.29	14.08	143	139.75
14.7	14.5	144.5	142.5
14.47	14.27	140.5	138.25
14.53	14.43	143.25	140.75
14.53	14.54	143.5	140.5
14.6	14.45	144.5	141.25
14.75	14.53	147.75	144.25
14.81	14.56	148.5	144.5
14.67	14.62	147.5	143.25
14.82	14.6	147	142.5
14.96	14.74	148.5	144.75
14.99	14.78	149.25	145.5
15.08	14.85	149	145.5
15.08	14.85	149	145.5
15.55	15.28	152	148.5
15.3	15	149.5	146.5
15.52	15.19	150.25	148
15.72	15.4	152.5	150
15.96	15.56	155.25	152.25
15.95	15.46	153	149.5
16.27	15.74	158	152.75
16.34	15.77	160	154.5
16.2	15.65	155.25	150
15.8	15.43	151	146.25
15.75	15.57	148.25	144.25
16.12	15.75	149.5	146
16.28	15.94	147	144.25
16.43	16.04	148	144.75
16.74	16.46	151.75	151.75
17.09	16.9	153	151.25
17	16.7	151.5	149.5
16.2	15.94	145.75	144
16.01	15.8	144.75	142.75
16.52	16.17	147.75	145.5
16.78	16.26	148.5	146.25
16.3	15.9	145	143.25
15.98	15.55	145	142.5
15.91	15.55	144.5	142.25
15.8	15.45	146.25	143.25
16.1	15.65	146	142.25
16.17	15.78	145.75	143.25
16	15.57	143.5	142
15.99	15.6	139.25	138.5
16.18	15.72	139.25	139.75
16.05	15.61	139.25	139
15.82	15.38	135.25	133.75
15.43	15.625	133.75	132.5
15.67	15.3	136.5	134.5
15.6	15.23	136	133.25
15.8	15.5	139	137.5
16.01	15.69	141.5	138.75
16.23	15.91	142	139.5
16.2	15.9	141.5	139.75
16.13	15.79	139.75	138.5
16.28	15.9	141.5	139.5
16.15	15.77	140	138.75
16.6	16.17	144	142.5
16.38	15.98	142.25	140.75
16.58	16.14	145.25	143.5
16.72	16.22	147.5	145
16.95	16.4	149	145.75
17.05	16.53	147.5	145.75
16.96	16.45	144.75	144.25
16.84	16.34	144.75	143
17.26	16.64	145.25	143.75
17.11	16.59	143.75	142.5
16.86	16.47	146	144.5
17.26	16.76	146.75	145.75
17.65	17.17	149	147.25
17.67	17.23	149	147
17.91	17.42	150.5	148.25
17.88	17.41	149.5	147.25
18.32	17.79	152.25	150.75
18.52	17.98	154.25	153
18.66	18.1	155.75	153.75
18.66	18.1	155.75	153.75
18.58	18.08	154	152
18.65	18.21	154.75	152.5
19.16	18.62	158	156.25
19.58	18.95	162.5	159.75
18.93	18.32	157.5	154.5
18.96	18.22	159.25	154.25
18.88	18.13	157.75	152.75
18.43	17.87	153	148
18.55	17.85	149.5	146.25
18.63	18.13	150.5	147.5
18.63	18.43	154.25	150
18.31	17.61	153.5	148
18.43	17.64	153.75	149
18.23	17.46	152	147.25
18.59	17.78	153	148.75
18.91	18.02	153	149.75
19.79	18.68	157	152.75
20.21	18.99	158.5	154.25
19.89	18.95	158.25	155
19.64	18.75	158	154.75
19.31	18.35	155.5	151.5
19.34	18.29	155.5	151.25
19.02	17.94	153	148.75
18.62	17.73	151	147.25
18.62	17.73	151	147.25
18.32	17.58	146.75	144.25
17.84	17.27	144.5	142
18.71	17.88	148.5	145.75
18.49	17.7	146	143
17.85	17.14	143.5	140.5
18.02	17.22	144	141
17.97	17.13	144	141.25
17.45	16.93	144.25	143.75
17.4	16.87	143.5	143
17.4	16.86	144	143.25
17.78	17.14	145.75	144.25
17.25	16.77	142.25	141
17.13	16.58	142.25	141
17.3	16.8	142.75	140.5
16.76	16.45	140.25	138.25
17.17	16.76	140.75	138.75
17.42	16.98	144.25	142.5
17.65	17.35	145	143.75
17.25	17.01	143.75	142
17.55	17.24	144	142.5
17.64	17.26	144.25	143
17.58	17.22	142.75	141.5
17.54	17.19	144	142.75
18.03	17.79	148.75	148
18.04	17.76	147.75	147.25
17.87	17.63	146.5	145.5
17.35	17.12	142.5	143.25
17.58	17.34	142.75	142.75
16.63	16.43	138.25	138
16.23	16.04	135.25	134.75
16.18	15.95	134	133.75
16.26	16.14	134.25	134.25
16.12	15.98	134.75	134.25
16.22	16.07	135.25	135.25
16.34	16.17	135	134.25
16.48	16.31	137.75	137.75
16.88	16.65	139.75	140
16.88	16.7	142.5	142.5
17.06	16.88	144.25	144.5
17.47	17.16	144.25	144.5
17.45	17.13	142.75	143.5
17.55	17.19	143.5	144.25
17.51	17.11	143.5	144
17.82	17.39	146	146
17.97	17.47	146.75	147.75
18.04	17.59	147.5	148.25
17.68	17.32	146.5	146.5
17.6	17.21	146.75	145.75
17.46	17.16	146.75	144
17.11	16.85	144	145.75
17.21	16.94	145	146
17.05	16.84	143.25	144.25
17.39	17.12	144.25	145.75
17.43	17.11	145.25	148
17.54	17.25	148.5	147.75
17.34	17.06	148.5	148.5
17.47	17.28	152	152
17.41	17.2	151.5	151.25
17	16.87	147.25	147.25
16.92	16.81	147.25	147.25
16.6	16.7	146.5	146.5
16.72	16.76	147.75	147.5
16.62	16.71	146.75	146.25
16.67	16.8	147.25	146.25
16.4	16.55	147	146
16.47	16.54	146.75	145.25
16.58	16.66	148	146.25
16.44	16.48	147	145
16.31	16.4	149	145.25
16.55	16.54	150.25	146.25
16.63	16.64	150.25	148.25
16.97	16.88	150	149.75
16.91	16.81	150.75	150.5
16.79	16.67	148.75	148.5
16.87	16.78	151	150.5
16.96	16.83	153	151.5
16.89	16.78	154.5	153
16.85	16.77	154.25	152.75
16.83	16.75	154.75	153
17.01	16.88	154.5	153
16.96	16.83	153	152.5
16.96	16.85	153	152.25
16.85	16.75	152.75	152.25
16.85	16.75	152.75	152.25
16.99	16.9	155.5	154.25
17	16.89	157.5	155.75
17.24	17.14	159.5	157.75
17.2	17.13	159	157.25
17.36	17.26	160.75	159
17.42	17.28	161.75	159.25
17.74	17.53	165.5	162.5
17.76	17.55	166	162.5
17.72	17.52	166	165
17.72	17.55	166.25	165
17.66	17.52	166.5	164.5
17.77	17.57	168.5	165.75
17.65	17.49	167.25	164.75
17.58	17.43	167.5	164.75
17.78	17.63	168.5	166.5
17.71	17.56	166.5	164.25
17.68	17.56	166.25	164.75
17.75	17.64	169.5	167.5
17.6	17.52	168.75	166.75
17.49	17.43	166.5	165.5
17.5	17.51	167.25	166.25
17.5	17.5	166.75	165.5
17.89	17.74	170.25	169.25
18.16	17.97	174	171.75
18.37	18.14	176.5	173.5
18.44	18.14	176	173.25
18.51	18.2	175.25	172.75
18.19	17.96	170	168.5
18.22	18.02	169.25	169.25
18.12	17.95	173.25	171.25
18.39	18.16	173.25	174
18.42	18.18	177	174.75
18.62	18.37	180	177.5
18.9	18.51	182	179.5
18.81	18.45	180	176.75
18.97	18.54	183.25	179.5
18.98	18.56	186	182.75
18.81	18.45	183.25	179.5
18.74	18.35	181.25	178.5
18.47	18.19	177.5	174.5
18.36	18.12	176	172.75
18.51	18.17	177.75	174.75
18.18	17.89	173.25	170.25
18.38	18.04	174	170.75
18.68	18.24	175.75	172.5
18.63	18.18	177	173.5
19.09	18.55	181	178
19.04	18.57	182.75	178.25
18.85	18.45	181	176.5
18.97	18.57	184.25	179.25
18.93	18.53	186.25	180.25
18.77	18.46	186.25	178.25
19	18.61	179	175
19.11	18.74	178.25	173.75
18.49	18.3	176.75	172.25
18.47	18.31	177.25	172.75
18.35	18.18	176.75	171.75
18.44	18.23	179.5	173.75
18.55	18.35	182.25	176.75
18.63	18.45	183.5	178
18.58	18.41	182	177
18.51	18.36	183	178.25
18.35	18.18	182.75	177.75
18.44	18.27	185.75	180.5
18.44	18.27	185	179.5
18.29	18.1	185.5	179.5
18.08	17.86	185	179.25
18.49	18.23	190	184.75
18.66	18.37	193.5	187.5
19.16	18.76	199.25	192.75
19.04	18.75	204	194.5
19.15	18.85	208.25	192.5
19.25	18.95	219.75	201.5
19.12	18.85	219.75	203.75
19.11	18.83	213.5	197.75
19.1	18.77	210.5	197.5
19.22	18.8	209.25	195.25
19.02	18.62	200.75	186.75
19.13	18.71	204	189
19.37	18.92	210	193
19.54	19.06	208.75	194
19.5	18.99	208.75	192
19.49	18.98	207.5	191.25
19.76	19.2	210	193.75
19.76	19.2	210	193.75
19.76	19.2	210	193.75
20.04	19.45	221.25	203.75
20.28	19.69	221.75	204.25
20.51	19.9	224.5	208
21.69	20.95	236.75	214.75
21.51	20.78	232.25	209.75
22	20.75	226.25	205.25
20.52	19.69	208.5	191
20.14	19.28	190	184
20.73	19.88	190	184.25
20.27	19.76	190.5	179.5
20.05	19.36	192	178
19.53	18.9	178.75	171.25
19.58	19.01	174.5	168.25
19.28	18.74	169	162.75
19.47	18.95	172.5	166
19.92	19.34	176	169.75
19.66	19.1	171	166.25
19.21	18.79	167	162.75
19.29	18.84	165.5	161.5
19.73	19.23	169.75	166.5
19.86	19.32	168.25	165
20.05	19.5	169.5	167.5
19.87	19.35	169.25	165.5
20.06	19.57	167	164
19.93	19.4	167.5	164.25
19.63	19.63	171.75	168.5
19.78	19.26	166.25	162.75
19.88	19.39	166	163.5
19.69	19.26	162	162.25
19.48	19.23	162	163.75
19.6	19.23	165.25	161.75
19.33	19.33	169.5	164.75
19.4	19.25	170.5	166.75
19.49	19.4	171	167
19.84	19.63	174	170.5
19.71	19.55	170.5	166.5
19.58	19.41	166.75	163
19.59	19.42	169.25	164.5
19.39	19.26	168.5	164.5
19.3	19.28	165.75	165.75
19.19	19.23	168.5	165
19.58	19.56	172.5	168.75
19.41	19.43	170.25	166.25
19.48	19.47	169.25	164.5
19.24	19.25	166.5	162
19.28	19.29	168	164
19.43	19.45	170	167.25
19.33	19.35	169.5	165
19.13	19.19	170.25	163.5
18.86	18.98	170.25	161.25
18.88	18.78	158.5	156.5
18.62	18.7	157	154.75
18.6	18.6	157.25	154.25
18.52	18.61	158.5	155
18.74	18.81	161.25	158
18.56	18.7	159.25	155.25
18.2	18.43	158.25	154.75
18.05	18.3	157.25	154
18.17	18.32	159.25	156
18.16	18.32	157.5	155
18.4	18.49	158.75	156
18.46	18.46	159	155.5
18.46	18.54	158.75	155.75
18.32	18.46	159	156
18.33	18.5	159.75	156.5
18.38	18.59	160.75	156.5
18.62	18.79	163.75	160
18.48	18.68	164.5	160
18.09	18.35	163.5	159
17.65	18.04	162.75	156.75
17.43	17.95	164.5	156.25
16.79	17.31	165.5	155.5
16.35	16.7	165.5	153
16.84	17.45	153.75	150.75
16.82	17.25	153.5	150.5
16.82	17.25	153.5	150.5
16.7	17.19	154.75	151
16.4	16.94	153.5	148.25
17.01	17.53	156.75	152.75
17.21	17.64	156.5	152.25
17.55	17.78	157.75	154.5
17.48	17.8	157.75	153.75
17.21	17.6	156	152.5
17.08	17.42	156.25	152.75
17.08	17.43	156.75	153.25
17.12	17.51	157.5	153.75
17.25	17.74	159.75	156
17.19	17.59	158.25	155
16.54	17.17	155.75	151
16.33	16.84	156	150.5
16.33	16.84	156	150.5
16.71	17.21	156.5	153
17.33	17.7	156	152
17.22	17.73	155	154.75
17.6	17.8	152.5	151.75
18.1	18.14	154.75	154.5
17.91	18.01	154.25	154.5
17.76	17.86	153.75	154
17.77	17.95	153.75	154
17.69	17.84	153.5	153.75
17.41	17.66	152.5	152.75
17.23	17.5	152	151.75
16.75	17.09	149.5	150
16.61	16.97	150	150.25
16.52	16.95	146.75	147.5
16.65	17.03	148.5	148.75
16.75	17.06	149	149.5
16.24	16.28	146.25	146.25
16.37	16.78	145.25	145.5
16.1	16.55	142.5	142.5
15.76	16.21	140.25	140
15.61	16.11	142	141.25
15.61	16.02	141.25	140.25
15.65	16	141.25	141.25
15.55	16	139.5	141.75
15.97	16.5	143.5	144.75
15.98	16.49	146.5	147.5
16.08	16.32	146.25	147.5
16.11	16.6	145.25	146.75
15.67	16.28	142.75	143.75
15.63	16.2	142.25	143.5
15.61	16.19	142.75	144
15.83	16.3	142.75	143.5
16.17	16.57	145.5	146
16.2	16.55	147.5	148
16.02	16.4	145.5	145.75
15.71	16.13	144.5	144.5
16.21	16.59	147.25	147.5
16.14	16.53	145.75	146.5
15.87	16.22	144.75	145.5
15.97	16.37	144.25	145.5
15.98	16.34	143.75	145
15.89	16.27	144	144.75
15.86	16.22	144.75	145.25
15.9	16.38	146.75	146.5
16.07	16.53	147.75	147.5
16.37	16.81	151	150.75
17.5	17.72	151	160
17.43	17.82	163	163.25
17.84	18.42	172.5	173.75
18.19	18.61	168.75	170.75
18.36	18.67	171.25	172
18.59	19.03	170.5	171.75
18.75	18.98	170.25	171
19.22	19.34	171.75	172.75
19.42	19.45	174.75	175
19.18	19.35	175	175
19.26	19.45	175	175
19.22	19.57	179.25	179.5
19.5	19.78	179	178.75
19.84	19.95	180.5	180.5
20.8	20.83	185	184.75
21.95	22	203.5	202.75
23.48	22.95	217	216
26.78	25.83	229.75	229.5
27.4	26.4	231	230
24.98	23.8	218.5	219.25
24.75	23.68	217	217.5
25.47	24.36	217	219.25
26.5	25.24	227	227.25
26.77	25.25	229.75	230
26.3	25.16	224.75	225.75
26.92	26	228.75	229.5
27.12	26.08	239.75	240.5
27.38	26.41	251.5	251.5
27.63	26.76	265	265
30.19	29.2	274.25	275.25
30.85	30	290.25	290.5
30.1	29.05	281.5	281
30.1	29.05	281.5	281
26.68	26.12	241.25	242.5
24.8	24.4	225	226
25.9	25.27	234.25	234.5
26.75	25.95	241	242
28.54	27.55	260	260
29.2	27.92	260.75	261
29.89	28.6	260.5	260.75
30.8	29.4	267.5	268.25
30.25	28.28	259.75	260.75
30.9	29.1	246.75	248.25
30.63	28.5	256	258
30.63	28.76	256	254.75
31.2	29.65	260	259.5
30.72	29.08	262	261.5
33	31.08	269.75	269
32.65	30.91	277.5	275.5
33	31.08	275	273.5
33.15	31.5	286.75	284.25
34.76	33.09	305.25	300.75
37.68	36.12	343	336.5
37.1	35.45	335.25	327
37.95	36.24	329.5	322.25
38.47	36.9	338	331.25
39.1	37.42	341.5	339.75
37.05	35.72	320	313
33.83	32.77	314.5	307.25
36.62	34.95	316	307.75
35.92	34.8	329.5	318.25
37.35	35.61	337.5	326.75
38.32	36.46	341.5	328.75
40.15	38	357.75	343
38.94	36.79	344	335
39.73	37.72	334	341.75
39.49	37.33	337	326
38.14	35.9	326.25	316.5
37.96	36.55	320.75	313.5
34.03	33.11	319	312
34.11	33	294.5	289
31.01	29.98	285.75	280.75
26.82	25.87	243.75	237.25
28.31	27.3	257.75	250
29.96	29.05	265	259.75
33.2	32	291.25	285.25
32.05	30.8	294.25	286.75
33.93	32.59	307.25	295.75
34.25	32.75	305.5	298
34.41	33.05	294.25	286
34.57	32.8	307	297
33.55	32.13	302	289
31.86	30.5	294	283.5
32.25	30.85	291.75	280
34.83	33.22	302	290.25
34.89	33.32	311	301
33.5	32.1	314.75	304
32.1	30.64	314.75	288
32.77	31.37	292.5	281
31.49	30.43	290.25	278.5
32.06	30.4	286.5	274.75
29	27.85	275	264
29.82	28.88	276.75	265.5
28.33	27.48	272.5	262.5
28.94	27.85	274	262.5
29.99	28.87	283.5	270.75
31	29.98	288.5	276
32.82	31.26	309.5	294.75
32.89	31.39	303.5	289.5
32.98	31.56	300.5	286.75
32.39	31.04	311.75	294.75
29.2	28.22	291.5	277.25
29.72	28.47	296	279
30.7	29.1	300.25	279.5
27.33	26.37	290.75	271
26.8	25.65	277.75	257.75
27.18	25.89	272.25	253.5
27.73	26.34	288	267.5
27.02	25.75	276.25	257
25.91	24.47	250.75	250.75
27.39	25.53	247.5	233.25
27.7	25.29	253.25	241.5
25.67	24.45	253.5	240.75
26.08	25.05	250.75	237.75
26.51	25.15	255	242.25
26.08	24.78	258	245
25.78	24.43	258	243.5
26.77	25.55	266.5	244.75
26.49	25.27	264.5	251
27.04	25.91	266	252
28.27	26.91	272.5	258.25
26.44	25.32	258.5	246.75
24.89	24.17	236.75	225.75
23.56	22.74	224	218.5
26.79	26.14	244.5	235
26.24	25.45	253.75	239.25
26.15	25.66	237.75	220.75
26.25	25.45	237.75	251.75
25.67	24.97	248.75	233.75
29.17	28.2	285.75	265.75
28.19	27.87	282	262.5
28.97	27.2	304.25	276
19.7	19.63	216.5	201.75
18.2	18	197.25	183.75
18.97	18.7	211.5	193.25
20.5	19.9	225.25	200.75
20.56	19.76	239.5	210.5
20.37	19.6	225.5	199
20	19.3	221.5	196.75
19.87	19.32	215.5	194.5
20.47	19.81	218.25	195.25
19.61	19.14	226	200.75
20.06	19.46	226.25	198.5
19.82	19.28	230.25	200
19.77	19.14	237.75	197.5
19.69	18.95	249.25	203
20.16	19.26	275.75	215.5
20.18	19.25	284	211
19.98	19.04	295	214
20.51	19.46	331.75	233
20.61	19.58	331.75	229
20.01	19.02	222	186
18.79	18.1	211.25	178.5
17.04	16.7	191.25	166
16.5	16.1	188	162
16.79	16.4	193	163.75
17.44	16.84	216.5	170
16.85	16.25	211.75	170.5
16.62	16.25	191.75	165.25
16.89	16.47	190.25	166
17.23	16.72	182.5	164.5
17.93	17.29	184.25	165
18.68	17.84	180.75	166.75
18.89	18.05	180.5	167
19.63	18.77	189	175.5
19.5	18.77	190.5	175.25
19.22	18.44	197.75	176.5
18.89	17.9	189.75	174.5
18.81	17.96	177.25	167
18.37	17.48	174	162.5
19.03	18.12	174	158.5
20.81	18.83	167.25	162.25
20.03	18.55	165.5	161.25
17.73	17.11	163.25	159.75
17.53	17.02	163.5	159.25
18.38	17.7	166.5	161.25
18.34	17.73	169.25	164.5
18.7	18.03	167.5	163.5
18.57	17.92	169.5	165
18.25	17.64	167.25	163.25
18.39	17.85	167	164
18.04	17.73	167	162.5
18.17	17.92	167	162.75
18.17	17.92	167	162.75
18.02	17.92	165.5	161.25
18.11	17.92	168.5	163.25
18.73	18.31	174	167
18.61	18.22	172.5	167.5
18.81	18.42	176.25	169.5
18.81	18.4	176.5	168.5
19.41	18.84	181.25	172.75
19.55	18.84	180	171.75
20.02	19.27	173.75	169.25
20.17	19.77	175.75	171.5
19.44	19.14	176	172
19.52	19.17	179	174.5
19.02	18.81	178.5	174.25
19.14	18.95	178.5	173.25
19.48	19.18	185.25	179.75
19.32	19.01	186.75	180.25
19.33	19.1	184	177
19.54	19.24	182.75	176
19.61	19.3	177.25	172.5
19.61	19.28	180.25	175.25
19.42	19.07	178	173.25
19.57	19.23	175.75	172.25
19.45	19.19	180	175.75
19.66	19.46	180.75	174.25
19.66	19.46	180.75	174.25
19.99	19.76	186.75	177.75
20.12	20.05	185	176.5
20.14	20.07	188.5	180.75
19.6	19.6	185.5	175.75
19.29	19.39	175.25	173.5
19.06	19.29	175.25	172.5
19.15	19.59	176	173.5
19.06	19.41	178	174.25
19.58	19.72	179	175.25
19.57	19.77	179	174.5
19.33	19.55	181.75	177
19.13	19.4	179.25	175
19.2	19.43	179.75	175.75
19.35	19.56	176.75	173.75
19.43	19.64	179.5	175.25
19.16	19.41	179.5	175.25
19.31	19.59	178	175
19.21	19.4	179	175.75
19.23	19.41	179.5	176.5
19.12	19.34	178	174.5
18.65	18.97	174.75	172
18.49	18.82	173.75	170.25
18.5	18.77	174.5	171
18.04	18.43	172	170.25
18.09	18.43	168.5	167.75
17.99	18.45	167.75	169.25
17.96	18.16	172	172.75
18.14	18.46	170.75	171.25
18.21	18.5	170.5	171
18.21	18.41	171.75	172.5
18.18	18.33	172.25	172.5
18.44	18.51	173	173
18.54	18.55	173.75	173.75
18.26	18.36	171.75	172.5
18.25	18.46	170.75	171.5
18.33	18.47	169.5	170.25
18.56	18.74	172.5	173.25
18.72	18.76	173	173.25
18.81	18.94	175	175
18.84	18.98	174.5	176.25
18.67	18.81	175.5	177
18.69	18.81	175	176
18.92	18.98	174.75	176
19.23	19.24	175.75	177.25
19.25	19.29	175.75	176.75
19.44	19.48	182	180.25
19.25	19.32	182	180.75
19.74	19.68	187.5	187.5
19.53	19.51	184.25	185
19.75	19.72	186.5	187.25
20.21	20.04	186.75	187.5
19.89	19.88	188.25	189.25
20.21	20.16	186.5	187.5
19.98	19.97	185.75	186.75
19.5	19.52	183.75	184.25
19.69	19.67	181.5	182.75
19.55	19.55	184.5	185.25
19.62	19.56	185.25	186
19.57	19.56	185.75	186.5
19.53	19.61	185.5	186.25
19.74	19.8	186.75	187.75
19.4	19.51	185.25	186.5
19.5	19.6	185.5	186.5
19.59	19.65	185.5	187.5
19.43	19.52	183	185.5
19.43	19.5	182.5	185.25
19.62	19.66	184	185.75
19.6	19.65	185.75	186.25
19.62	19.72	185.75	186.75
19.5	19.63	186.75	188.5
19.27	19.44	187	188.5
19.31	19.57	185.75	187.5
19.48	19.58	188	189.25
20.53	20.59	207.5	207
20.65	20.66	213.25	213
19.64	19.73	192.75	195
19.79	19.87	193	194.5
19.98	19.98	191.25	193.75
19.98	19.98	191.25	193.75
20.11	20.13	192.75	194.75
20.03	20.05	193.25	195
20.32	20.27	197.25	199
20.7	20.6	198.25	200
20.63	20.62	198.75	200.75
20.58	20.52	196	199.25
20.25	20.26	192.75	196
20.13	20.17	192.5	195.5
20.07	20.1	192.75	196
19.84	19.91	189.5	193.25
19.95	19.96	190.75	194.5
20.16	20.11	186.75	192
20.14	20.07	186.75	193
20.32	20.35	192.5	195.5
20.42	20.33	194.75	197
20.23	20.17	193.25	195.25
20.41	20.37	195	197.25
20.27	20.25	195.25	197.5
20.44	20.35	196	198.25
20.62	20.51	199.25	201.5
20.75	20.67	199.25	201.75
20.73	20.62	199.5	201.75
20.88	20.7	199.25	202
21.17	21	201	203.5
21.05	20.85	202.75	205.5
20.99	20.84	201.25	203.25
21.15	20.97	203.5	205.25
21.56	21.3	207	208.25
21.44	21.2	207	208.75
21.68	21.43	210.75	211.75
21.74	21.47	211.75	213
22.1	21.69	215.5	217.25
21.85	21.51	215.5	216.25
22.04	21.75	215.5	215.25
22.42	22.07	220	219.5
22.81	22.37	221.75	221.25
22.69	22.17	220	220.5
22.42	22.09	222.75	223
22.59	22.26	224.5	225
22.67	22.33	224.5	225.25
22.42	22.12	221.5	222.75
21.97	21.77	218.75	219
22.1	21.87	217.25	218.25
21.79	21.59	219.75	221
21.79	21.6	214.25	215.5
21.72	21.52	215.25	216.75
21.76	21.54	216.75	218.25
22.1	21.83	216.5	218
22.51	22.23	218.75	220.25
22.38	22.16	222.75	224.5
22.41	22.2	222.5	224
22.05	21.89	222	223.25
21.97	21.82	221.5	222.5
21.84	21.69	220.5	221
21.48	21.3	214.75	215.75
21.27	21.12	214.75	211.25
21.28	21.03	211	210.5
21.03	21.1	201.75	201.5
21.59	21.28	210	209.5
21.16	20.9	206.75	206.5
20.85	20.65	205	205
20.71	20.54	201.75	202.25
20.54	20.37	202.75	203.5
19.96	19.85	198.25	199.5
20.05	19.96	195.75	197
19.63	19.55	192.5	194
19.97	19.85	193	194.5
20.19	20.04	195.5	197
20.13	19.98	194.5	195.5
19.73	19.7	191.75	193.75
19.22	19.22	185.25	188
19.39	19.33	184.5	186.25
19.13	19.08	183	184.75
18.88	18.79	180.5	182.5
18.01	18.13	172.5	175.75
18.16	18.16	171	173.75
18.23	18.23	170	173
18.58	18.61	174	177
18.81	18.82	183.25	183
18.58	18.38	178.5	179
18.06	18.01	175.5	176.25
18.02	18	173.75	175.25
17.89	17.86	175	175.75
17.4	17.44	166.5	168.25
17.65	17.63	165.75	167.5
17.83	17.77	166.75	169.5
17.83	17.77	166.75	169.5
17.68	17.6	162.25	164.5
17.72	17.64	161.75	164
17.61	17.52	158	159.5
18.36	18.26	163.5	164.5
18.12	18.05	165.25	165.75
18.12	17.95	166.75	166.75
17.69	17.56	166.75	167.5
16.92	16.84	157.75	158.5
16.86	16.8	154	156.5
17.24	17.08	155.5	159.25
17.95	17.7	168	167.5
17.89	17.55	165.75	165.75
18.31	17.99	168.75	168.5
18.54	17.98	171	170
18.32	18.08	171.75	170.5
18.01	17.88	173.5	171.5
17.75	17.69	171	169.25
18.05	17.97	168	167
17.86	17.74	171.25	169.25
18.22	18.02	176	172.25
18.44	18.27	176.5	172.75
18.24	18.13	173.5	171.5
18.09	17.95	172.5	170.5
18.14	18.03	169	167
18.15	18.04	172.25	169
18.16	18.05	172.25	169.5
18.3	18.21	173	170
18.49	18.37	173.5	171.5
18.41	18.31	172	170.75
18.86	18.69	175.75	172.75
18.79	18.68	176.25	173.75
18.38	18.28	173.75	172
18.26	18.15	173.75	169.5
18.5	18.53	169.75	167.75
18.43	18.38	166.75	165.5
17.55	17.55	162.25	160.25
17.6	17.59	163.75	162
17.74	17.7	163	161.25
17.84	17.74	164.5	162.5
17.71	17.64	163	161.5
17.43	17.38	160.25	158.75
17.47	17.47	159.5	158
17.35	17.4	159.75	158.75
17.64	17.65	160.75	160
17.55	17.59	159.5	159.25
17.22	17.3	158.75	158.25
17.43	17.49	157	157
17.42	17.49	157.75	157.5
17.41	17.44	159	159.25
17.38	17.44	157	157.75
17.44	17.56	158.5	158.25
17.48	17.57	158.75	159.75
17.39	17.46	156	158.25
17.75	17.76	156	158.25
17.87	17.96	161.5	163
17.82	17.84	161.5	163.25
17.86	17.95	161.5	163.75
17.77	17.86	160.75	162.25
17.98	18.05	160	161.5
17.68	17.74	163.25	164.25
17.8	17.88	160.75	161.75
17.85	17.95	160.75	162.25
17.91	17.97	161.5	163
17.98	18.04	162.25	163.75
17.91	17.94	159.75	161.5
17.97	17.98	159.25	161
18.14	18.17	160.25	162
18.4	18.38	164.75	166.25
18.33	18.3	165.75	166.5
18.76	18.68	167	168
18.97	18.96	170.5	170.5
18.83	18.8	170	170.75
19.18	19.13	173.5	174.25
18.91	18.87	173.75	173.75
19.09	19.01	175	174
18.89	18.85	176	175.5
18.59	18.53	173.5	173.5
18.63	18.63	171.5	171.25
18.99	18.91	172.5	172.5
18.99	18.91	172.5	172.5
19.04	18.95	174.75	174.25
18.76	18.71	171.5	171.5
18.75	18.7	170.25	169.75
18.86	18.81	172	172
18.95	18.85	171.25	171.25
19.11	19.01	173.25	173.25
19.47	19.3	172.5	172.25
19.66	19.49	176.25	176
19.7	19.48	177.25	176.75
19.7	19.48	177.25	176.75
19.69	19.47	178.25	178.25
19.64	19.45	179.5	179.25
19.56	19.41	177.25	177.25
19.7	19.55	178.5	178.25
19.89	19.73	180	179.75
19.86	19.71	180	178.75
19.97	19.63	179.75	180
19.83	19.46	177.75	178
19.59	19.52	176	176.75
19.46	19.38	175.5	176.5
19.18	19.15	173	173.75
19.18	19.11	172.75	173.5
19.68	19.6	175.25	176
19.72	19.64	175	175.75
20.69	20.62	181.25	182.25
20.7	20.65	183.75	184.5
20.66	20.57	184	185
20.79	20.68	183.75	184.25
20.79	20.68	184.5	185.25
20.82	20.73	184.25	184.5
21.07	20.96	187.5	188.25
21.16	21.05	186	187
21.3	21.15	188.5	189.75
21.13	21.03	188.25	189.5
21.03	20.9	187.25	188.25
21.18	21.06	188.25	187.25
21.1	20.96	189.5	190
21.1	20.94	190.25	191.75
21.25	21.15	189.75	191.25
21.12	21.02	189	190.25
21.11	21.01	187.25	189
21.06	21.01	188.75	190.5
21.09	20.99	189	191
21.19	21.08	187	188.75
21.29	21.21	190.25	192
21.57	21.47	193.5	195
21.31	21.21	195	196.5
21.17	21.1	193	194.75
20.99	20.94	192	193.75
20.41	20.4	189	190.75
20.6	20.55	186.75	188.25
20.75	20.72	188.75	189.75
20.8	20.79	189.5	191
20.57	20.54	187	189
20.04	20.07	182.75	184.5
20	20.07	182.5	184.25
19.98	20.08	182.25	184.25
19.86	19.96	182.25	185
19.97	20.02	183.75	185.75
20.07	20.1	185	187
20.21	20.29	184.25	186
20.31	20.34	186	187.75
20.13	20.13	187	188.75
20.24	20.26	185.5	187
20.21	20.18	186.5	188
20.44	20.39	187.5	189.25
20.6	20.53	188.5	190.25
20.71	20.64	190.25	191.75
20.73	20.67	188.25	190.25
20.72	20.65	189.75	192.25
20.66	20.58	188	190.5
20.46	20.43	185.75	188
20.47	20.47	184.5	187
20.21	20.21	184	186.5
19.99	20.02	180.75	183
19.84	19.87	179.5	182.25
20.03	20.03	180	183.5
19.86	19.91	178.25	181.75
19.69	19.74	176.75	179.75
19.59	19.66	175.75	179
19.72	19.76	172.75	179
20.03	20.04	181	184.5
20	19.95	182	186
20.05	20.02	182.25	186.25
20	20	181.5	185.75
19.86	19.87	178.75	183.25
19.82	19.86	176.75	181.5
19.68	19.73	177	182
20.04	20.08	177.75	182.5
19.75	19.78	178.75	183.25
19.74	19.82	177.25	181.5
19.72	19.81	177.5	181.75
19.87	19.93	178.5	182.25
19.87	19.93	178.5	182.25
20.13	20.16	181.75	185.75
20.13	20.14	182	186.25
20.09	20.13	181.75	186.5
20.19	20.21	181.25	186.5
20.26	20.29	182.25	187.25
20.37	20.38	185	189
20.4	20.42	185.75	190
20.38	20.38	185.75	190
20.43	20.45	189.75	192.75
20.67	20.7	193.25	196.25
20.58	20.56	192.5	195.25
20.63	20.63	189.75	193
20.45	20.46	189.5	193
20.31	20.32	187.25	191
20.28	20.3	186.75	190.5
20.42	20.4	188.5	192.5
20.65	20.63	190.25	194.25
20.47	20.48	191.25	194.25
20.33	20.36	190.75	193.75
20.4	20.42	190	193.5
20.32	20.35	188.75	192.25
20.34	20.38	188.5	191.75
20.45	20.47	190	194
20.5	20.54	190.5	194
20.36	20.4	189.5	193.25
20.35	20.4	189.25	193.25
20.45	20.47	190.5	194.5
20.55	20.55	192	195.75
20.9	20.9	194.75	198.75
20.83	20.84	194.75	198.5
20.7	20.71	197.5	200.25
20.64	20.68	195.75	198.5
20.81	20.88	198.75	201.25
20.83	20.73	199.5	201.5
20.79	20.71	200	201.75
20.71	20.69	199.25	201
20.41	20.37	196	198
20.11	20.12	191.75	193.75
19.98	20.01	191.25	193
20.02	20.02	188.75	190.75
19.85	19.85	191	192.5
19.9	19.9	187.75	189.5
19.59	19.59	186	187
19.45	19.49	184.75	186
19.55	19.58	184.5	185.5
19.5	19.52	186	187
19.15	19.2	181.75	182.25
19.38	19.45	180	182
19.19	19.23	178.75	180.5
19.5	19.48	178.25	179.5
19.45	19.46	180.25	182
19.36	19.43	181	182.75
19.14	19.2	181	182.75
19.01	18.98	181.75	183
19.27	19.26	183	184.5
19.15	19.16	181.5	183
19.04	19.07	177.75	180.25
19.34	19.32	178.5	181
19.36	19.32	178	180.25
19.01	19.02	175	177.5
19.05	19.01	176	178.5
19.18	19.1	177	179
18.75	18.69	174.5	176.5
18.95	18.91	174.5	176.5
18.84	18.82	177.25	179.5
18.49	18.48	173.5	175.5
18.34	18.37	172.25	174.5
18.08	18.1	169.5	171.25
18.05	18.03	170.25	171.75
18.24	18.18	170.75	172.25
17.94	17.89	170.75	172.75
17.85	17.83	167.25	169.5
18.27	18.22	167.25	174.25
18.1	18.08	173.5	174.25
18.02	18.02	171.5	172.25
17.87	17.92	170.25	171
18.06	18.3	172.25	173.5
18.57	18.64	172.75	173.25
18.56	18.61	175	176
18.64	18.69	177	177.5
18.49	18.56	175	176
18.61	18.67	177	178.25
18.7	18.79	178.5	179.75
18.34	18.41	176.25	177.5
18.27	18.34	175	176.25
18.29	18.36	174	175
17.79	17.89	173.25	173.75
17.97	18.08	171.5	172.25
17.75	17.91	168.75	169.5
17.58	17.76	168.75	169.5
17.48	17.65	166	166.5
17.42	17.57	165.25	167
17.01	17.16	165.25	162.75
17.06	17.2	165.5	165.5
17.23	17.39	163.75	164
17.5	17.61	166	166.25
17.46	17.59	165.25	165.5
17.19	17.36	163.5	164
16.97	17.15	161.75	161.5
17.42	17.55	162.25	162.5
17.31	17.46	161.75	162
18.07	18.15	167.25	167
18.03	18.14	168.5	168.5
18.03	18.17	168	168.5
18.62	18.69	169.25	169.25
18.47	18.5	169.5	170.5
18.57	18.56	169	170.25
18.25	18.28	167.25	168.25
18.26	18.22	166.75	168.5
18.56	18.53	169.5	171.25
18.56	18.52	169.75	171.25
18.3	18.34	170.25	171.75
18.29	18.34	169	170.5
18.31	18.4	170.75	172
18.39	18.47	170.75	170.5
18.21	18.26	170.75	170.25
17.96	18	166	166
18.15	18.17	168.5	168.25
17.73	17.77	166	166.25
17.98	18.01	166.25	166
18.28	18.36	167.25	167.75
18.63	18.69	171.75	171.5
18.95	18.95	173.75	173.75
19.01	19	173	173.25
18.98	19.01	173.25	173.75
18.92	18.94	173.5	173.5
18.96	18.98	175.25	175
18.87	18.91	174	173.5
18.97	18.99	175.25	174.75
19.48	19.49	178.75	177.75
19.37	19.35	179.25	178.5
19.05	19.09	175	175
19.05	19.06	175.5	175.5
18.88	18.87	176.25	175.75
18.55	18.56	176.25	172.5
18.89	18.89	173.25	172.75
18.69	18.74	174	173
18.6	18.64	172.25	170.75
18.71	18.8	174	172.25
18.84	18.95	175.25	173.25
18.62	18.73	173	172
18.27	18.35	172.5	170.5
18.49	18.56	174.5	171
18.63	18.68	174.5	172
18.77	18.82	174	171.25
18.75	18.83	173.5	171.5
18.79	18.87	174.75	173
18.66	18.72	173.75	172
18.9	18.99	175.25	173
19	19.06	178	175
19.11	19.16	178.25	174.5
19.06	19.15	179.5	176.25
18.78	18.88	177.25	174.25
18.86	18.96	179.75	175.25
18.77	18.84	179.75	173.25
18.77	18.84	179.75	173.25
18.91	19.05	175.25	174.25
18.86	18.99	176	174
18.85	18.91	176.75	174.25
18.81	18.82	177	174
18.72	18.76	176	173.25
18.8	18.83	175.25	173.5
18.88	18.9	176.75	174.25
18.76	18.78	175.75	173.25
18.91	18.92	176.75	174
18.9	18.88	177.5	174.75
18.76	18.79	176.75	174
18.79	18.84	177.5	174.25
19.15	19.13	182	178
19.15	19.14	180.25	177.5
19.15	19.14	180.25	177.5
19.05	19.03	179.75	177.5
19.16	19.13	179.75	177.5
19.16	19.1	182.5	179
19.19	19.11	182.75	179
19.1	19.08	183.75	179.5
19.07	19.02	180.25	178
18.97	18.92	177.25	177.25
18.7	18.57	173	173.5
18.6	18.41	170	170.5
18.41	18.55	170.5	170.5
18.28	18.44	172.5	171.75
18.2	18.43	171.5	171.25
18.45	18.63	172	172
18.43	18.59	171.25	171.5
18.33	18.48	170.5	171
18.49	18.63	169.75	170.25
18.48	18.6	168.75	170.25
18.59	18.73	170.5	171.25
18.6	18.68	171.75	173.25
18.72	18.81	171.25	172.25
18.54	18.65	172.25	172.75
18.31	18.43	171.25	171.75
18.31	18.47	170	170.5
18.19	18.38	167.75	168.25
18.27	18.41	169.25	170.25
18.26	18.44	167.75	169
17.96	18.13	167.75	169
17.66	17.9	164.5	166.25
17.56	17.78	164.5	166.5
17.33	17.46	164	165.75
17.66	17.88	163.75	165.75
17.55	17.78	164.5	166.25
17.56	17.78	163	165.25
17.5	17.7	163.25	165.5
17.45	17.68	162.5	164.5
17.48	17.69	162	164.25
17.48	17.7	163.25	165.25
17.45	17.69	163.25	165.5
17.52	17.75	163.25	165.25
17.66	17.84	163.75	165.75
17.51	17.71	164.75	166.25
17.14	17.31	162.75	163
16.74	16.94	159.75	160.5
16.93	17.07	160.25	161.25
17.06	17.17	161.75	161.75
16.91	17.02	161.25	161.25
16.57	16.75	159.5	159
16.65	16.8	158.5	158.25
16.89	17.03	158.5	160
16.96	17.06	162	162.5
16.43	16.51	159	160.5
16.38	16.65	156.75	158.5
16.31	16.49	157	158.25
17.05	17.23	156.75	158.25
16.71	16.91	158	158.75
16.81	16.99	157.5	159
16.65	16.78	158.75	159.5
16.69	16.77	159.75	160.25
16.93	16.95	160.25	160.5
17.24	17.28	160.75	161.5
17.09	17.17	161.75	162.75
16.89	16.97	162	163
16.75	16.84	159.25	161
16.79	16.91	158.25	159.75
16.67	16.82	157.75	158.75
16.66	16.79	159.25	159.75
16.49	16.67	159.5	159.75
16.4	16.48	156.5	157.5
16.63	16.74	157.25	158.75
16.56	16.72	156.75	157.75
16.91	17.05	157.5	159
17.02	17.16	157.5	161.75
17.04	17.21	162.5	165
16.96	17.08	161.75	165
17.09	17.31	161.75	164.5
16.96	17.12	161.75	164
16.96	17.13	162	164.25
17.09	17.25	162.25	164.5
17.23	17.4	163.5	165.5
17.12	17.28	163.5	166.25
17.04	17.22	162	165
17.16	17.3	161.25	164.25
17.46	17.59	162.5	165.75
17.46	17.59	162.5	165.75
17.08	17.24	162	165.25
16.73	16.94	160	162.75
16.68	16.91	161.75	163.75
16.53	16.78	160	162.25
16.52	16.75	160.5	162
15.99	16.24	157.75	159.75
16.02	16.24	156.75	158.5
16	16.24	158.75	160
15.71	16	158.75	156.5
15.82	16.1	159.25	161.25
15.71	16.11	161.75	162.75
15.6	15.98	160.5	162
15.93	16.21	160.75	162.5
16.13	16.36	161	163
16.62	16.87	164.25	166.25
16.66	16.89	164.5	166
16.28	16.51	165.5	166.75
16.24	16.48	164	165.25
16.29	16.48	164.75	166.5
16.55	16.74	166.25	168
16.66	16.89	166	167.5
17.35	17.5	170.5	172
17.43	17.59	176	176.75
17.3	17.46	174.25	174.5
17.08	17.29	171.75	172.5
17.01	17.28	172.25	173.25
17.07	17.29	173.25	174
17.16	17.36	173.5	174
17.19	17.38	172.25	173
17.37	17.57	174.25	174.75
17.29	17.5	174.25	174.5
17.12	17.35	173.75	174.25
16.98	17.16	172.5	172.75
16.93	17.12	171.75	172
16.82	17.02	170.25	170.5
16.95	17.14	169.25	169.5
17.08	17.27	169.5	169.75
17.11	17.25	171.25	171
16.85	17.05	169.75	169.5
16.37	16.58	165	165
16.32	16.57	164.5	164.5
16.42	16.66	165	165
16.22	16.44	164.25	164.25
15.8	16.05	161.25	161.25
16.21	16.46	163.75	164
15.91	16.14	163	163.25
16.22	16.45	164.5	164.75
16.13	16.35	163.75	164
15.86	16.1	164.5	164
15.58	15.85	163	161.75
15.43	15.73	165	162.25
15.32	15.64	165.25	162.5
15.63	15.91	165.25	163.5
15.49	15.81	161	160
15.43	15.88	163.25	162
15.86	16.12	164.75	163.5
16.11	16.36	167.25	165.75
15.76	16.02	168.5	166.5
15.79	16.02	166	164.75
15.87	16.12	167.25	165.5
15.4	15.64	165.25	163.5
15.14	15.35	166.5	164
14.56	14.78	162	157.75
14.48	14.75	163	158.25
14.22	14.4	160.5	156.5
14.52	14.59	159	155.25
14.55	14.63	156.75	153.75
13.95	14.16	150	148.25
14.08	14.19	149.5	147.25
13.64	13.87	147	145.75
13.56	13.81	144	144.25
13.5	13.77	142	142
13.65	13.83	143	143
14.03	14.26	143	146
13.57	13.73	145.75	146.5
13.66	13.74	145	145.75
13.53	13.73	143.75	144.5
13.44	13.51	144	145.25
13.56	13.78	142.75	143.5
13.5	13.69	142.75	143.5
13.47	13.66	141.75	142.25
13.74	13.98	142.25	143
13.62	13.81	141.75	143
13.64	13.87	141	142.25
13.64	13.87	141	142.25
13.5	13.65	139.75	140.75
13.24	13.42	140.5	141.25
13.2	13.4	139.25	140.25
13.2	13.4	139.25	140.25
13.61	13.81	143	143
14.26	14.36	146.25	146.5
14.36	14.31	146.75	147.25
14.23	14.22	146	146.25
13.74	13.71	141.25	142.75
13.83	13.82	142	143.5
13.52	13.46	142	143.25
13.68	13.62	145.25	143.25
13.94	13.73	150.5	148.25
14.09	14.1	152	150.25
13.89	13.93	144.75	144
14.02	14	145.5	144.75
13.76	13.71	144	143.75
13.87	13.78	142.75	142.75
14.09	14	142.25	142.75
14.14	14	142.75	143.5
14.38	14.21	144.5	145.25
14.3	14.13	147.25	147.5
14.31	14.1	143.75	144.75
14.22	14.08	142.75	143.75
14.72	14.52	144.5	145.5
14.78	14.59	149.25	150
14.68	14.47	152.25	152.75
14.41	14.27	146.75	148
14.1	14.08	143.75	145.25
14.04	14.08	144.5	145.75
13.47	13.54	139.75	141.5
13.59	13.56	139.75	143.25
13.63	13.76	144.25	143.25
13.36	13.59	141	139.25
13.27	13.5	140.75	139.5
12.92	13.24	139	138.75
13.08	13.3	138.25	138.5
13.12	13.28	139	138
13.16	13.31	138.25	137.5
13.24	13.41	139.5	138.75
13.33	13.49	141	140
13.59	13.76	139.25	138.5
13.47	13.58	139.5	138.75
13.35	13.49	140.5	140
13.57	13.69	140.75	139.5
13.6	13.68	141	140.5
13.57	13.66	140.5	139.75
13.45	13.52	139.75	139.25
13.04	13.15	137.25	136.75
13.07	13.11	136.25	135.75
13.2	13.16	137.25	136.5
13.19	13.14	137.25	134.75
13.65	13.43	136.25	136
13.76	13.47	136	135.5
14.05	13.71	137.75	137
14.12	13.82	137.25	136.5
13.54	13.59	138.25	137.5
13.63	13.54	137.25	137
13.98	13.88	138.75	138.25
13.92	13.87	143	142.25
13.8	13.73	141.75	140.75
13.89	13.82	140.75	140
14.11	13.96	141.25	140.25
13.02	13.01	137	136
13.1	13.17	135.5	134.25
13.25	13.28	136.25	134.25
13.25	13.34	137.75	136
13.25	13.34	137.75	136
14.4	14.4	146.25	144.75
14.45	14.44	145.25	143.5
14.39	14.32	146.75	144.25
14.36	14.26	146.75	143
14.65	14.54	149.75	145.75
14.56	14.45	149.75	147.25
14.7	14.53	147	145.25
15.01	14.85	149.5	147.25
15.12	15.1	148.25	146.5
15.09	15.05	151.5	150
14.82	14.79	149.5	148
14.94	14.86	147.5	146.25
15.23	15.11	149.5	147.75
15.74	15.46	151.5	150.25
15.83	15.64	152.75	151.5
15.54	15.38	151.25	151
15.34	15.23	148.75	148.25
15.23	15.16	149	148.75
15.69	15.56	148.25	147.75
15.69	15.56	148.25	147.75
15.54	15.46	150.25	150.25
15.48	15.39	150	150.25
15.8	15.62	149.5	149.5
16.28	16.06	152.75	152.25
16.22	15.98	154.75	153.5
16.02	15.83	153	152.25
16.09	15.87	152.5	151.5
16.44	16.19	152.5	152
16.59	16.25	152.75	153.75
16.36	16.06	151	152
15.82	15.72	148.75	150
16.09	16.04	150	150.75
16.34	16.26	151.75	152.75
16.55	16.41	152	152.75
16.41	16.31	153	153.75
16.32	16.22	150	151.25
16.12	16.07	150.25	151
16.12	16.07	149.75	150.5
16.39	16.3	150.5	151.5
16.45	16.42	151	152.25
16.34	16.31	153	154.25
16.42	16.31	152.5	153.5
16.37	16.21	150	151.25
16.27	16.17	149	150.25
15.94	15.82	146.5	147.75
16.24	16.13	143.75	146
16.31	16.31	146.75	149
16.39	16.23	146.75	149
16.41	16.32	148.75	150.75
16.35	16.35	150.25	152.5
16.66	16.94	151.5	153.5
16.92	16.82	157.75	159.25
17.41	17.27	157.25	159.25
17.46	17.35	159.25	161.5
17.3	17.16	158.5	160.5
17.19	17.05	156.75	158.75
17.36	17.2	155.25	157.5
17.38	17.18	155.75	158.25
17.17	17	155.25	157.75
17.31	17.09	152.5	155
17.01	16.81	154.5	156.75
17.52	17.27	154.5	157
17.57	17.33	154.25	157
17.47	17.2	152.5	155.5
17.38	17.18	152.75	156
17.06	16.92	150	153.25
17.08	16.91	147.5	151
17.37	17.06	147	151
17.96	17.62	149.25	152.75
18.26	17.78	149.25	158.75
18.33	17.76	158	160.75
18.59	17.89	157	160
17.77	17.55	155.5	158.75
17.38	17.27	152.5	155.5
17.49	17.38	152.5	155.25
17.46	17.37	153.25	156.25
17.68	17.57	153.5	156.75
17.84	17.75	154.25	158
17.57	17.53	152.5	156.75
17.65	17.56	152.5	156
17.89	17.65	154.25	157.5
18.18	17.92	157	159.75
18.59	18.3	160.75	163.5
18.9	18.63	166.75	169.75
18.51	18.26	162	165
18.44	18.18	162	165.5
18.42	18.15	155.75	159.5
17.86	17.58	155.5	159.5
17.87	17.7	151.5	155.5
17.85	17.74	152.25	155.75
17.67	17.55	153.25	156.25
17.49	17.32	153.25	155.25
16.95	16.81	152.75	156.25
16.87	16.95	151.25	155
16.82	16.6	152.75	156.25
17.04	17.08	150	153.75
16.55	16.64	152.25	156.25
16.3	16.3	150.5	154
15.76	15.83	144.5	148.5
15.95	16.01	147.25	150.5
16.35	16.4	149	151.75
16.36	16.42	149.5	152.5
16.04	16.16	151.25	153.5
16.04	16.16	151.25	153.5
16.24	16.36	150.75	154
16.36	16.42	152.25	155.5
16.27	16.34	152.5	155.5
16.32	16.41	150.5	154
15.95	16.13	149	152.25
16.33	16.48	151	154.75
16.53	16.64	151.75	155.5
16.33	16.47	150.25	153.75
16.22	16.4	151.5	154.5
16.12	16.32	151.5	153.25
15.85	16.05	150.25	153
15.42	15.71	148.75	152.25
15.53	15.66	147.75	150.5
15.79	16	147.75	150.5
16.22	16.34	148.75	151.5
16.13	16.26	150.75	153.75
16.01	16.14	149.5	152.75
16.48	16.54	150.25	153
16.66	16.73	151.25	154.25
16.51	16.62	151.5	154.5
16.37	16.53	149.25	152
16.53	16.63	150	152.5
16.74	16.78	152.5	155.75
17.15	17.17	155	157.5
16.96	17.01	154.5	157.25
16.84	16.92	153.5	156
16.77	16.87	152.75	155
16.97	17.05	154.5	157
16.93	17	158.75	160.75
16.64	16.71	156	158.25
16.44	16.49	152.75	155.5
15.84	15.86	152.75	150.5
15.85	15.76	145.75	148.25
15.81	15.76	147.5	149
15.9	15.94	149	151
16.16	16.13	149.25	151.5
16.36	16.29	150.5	152.25
16.42	16.35	152.5	154.25
16.26	16.18	151	152.5
16.4	16.31	151.25	152.75
16.54	16.43	151.25	152.75
16.87	16.68	153.25	154.5
16.95	16.76	153.75	155
17.01	16.77	151.5	153
16.92	16.68	150.5	152.25
17.33	17.02	153.25	155
17.59	17.11	152.75	155
17.67	17.21	153.25	155.5
17.74	17.13	154	156.25
17.38	16.86	152	154.25
17.48	17.02	151.75	154
17.19	16.76	151.75	154.25
17.26	16.81	151.75	154.5
17.46	16.94	156	157.5
17.29	16.59	153.5	155.25
17.36	16.69	151.25	153.25
16.45	16.31	149.75	151.75
16.63	16.48	149.25	151.5
16.72	16.43	149	151.25
16.95	16.74	148.5	151.25
17.1	16.88	149.25	151.75
17.14	16.99	151.5	154.25
17.15	16.98	152.25	154.75
17.16	17.01	152.25	154.75
17.16	17	151	153.5
17.11	16.96	149	151.75
17.11	16.92	147.25	150
16.87	16.71	147.25	149.75
16.19	16.06	142.25	145.25
16.14	16.05	139.75	142.5
16.16	16.06	140.25	143
16.06	16.03	139.5	142.5
16.29	16.18	142.75	146
16.26	16.13	140	144
15.94	15.88	140	142.25
15.96	15.89	142.25	144.25
15.97	15.96	143.5	145.75
15.87	15.78	143	145.25
15.88	15.89	142	144.25
15.86	15.88	140.5	143.25
15.99	15.96	141.25	143.5
15.92	15.94	141	143.5
15.95	15.97	140.75	143.5
15.92	15.91	140.25	143
15.92	15.91	140.25	143
16.42	16.43	144.5	147
16.42	16.4	146.5	149.25
16.5	16.47	147.75	150.25
16.09	16.11	145.5	148.25
16.19	16.21	144.75	147.75
16.46	16.41	144.75	147.5
16.5	16.32	145.5	148.25
16.28	16.14	143	145.5
16.19	16.03	140.75	144
16.63	16.33	140	143.25
16.63	16.34	140	142.75
16.38	16.13	142	144.5
16.37	16.43	141.5	144
16.82	16.64	145.25	147.5
16.93	16.75	145.75	147.75
16.8	16.61	144.5	147
16.87	16.66	143.5	145.75
16.64	16.47	143	145.5
16.86	16.72	146	148.25
16.79	16.63	144.75	147
16.67	16.57	144.5	146.75
16.39	16.34	143.25	145
16.57	16.44	143.5	145.75
16.8	16.64	143	145.25
16.88	16.67	142.5	145.25
16.89	16.67	144	146.25
17.2	16.78	145	147.5
17.22	16.72	146.25	148.75
17.07	16.56	146.5	148.25
17.07	16.48	143	145.25
17.11	16.59	143	145.75
17.33	16.7	143	145.75
17.42	16.73	144	145.25
16.75	16.62	144.75	146
16.76	16.61	143.5	145.25
16.92	16.75	143	144.75
17.14	16.98	144	145.75
16.97	16.87	144.25	146
16.95	16.84	144.5	146.75
16.97	16.84	144.75	146.75
16.84	16.73	145.75	147.5
17.08	16.94	145.5	147
17.06	16.91	146.25	147.75
16.87	16.77	144.75	146.5
16.61	16.53	144.25	145.75
16.63	16.55	144.75	146
16.87	16.76	145.5	147
16.86	16.75	146	147.5
16.94	16.82	144.5	146.75
16.78	16.63	143.75	146
16.58	16.5	142.25	144.25
16.46	16.44	142.25	144.5
16.6	16.57	144.5	144.5
16.46	16.44	143.5	144
16.57	16.58	144	144.25
16.65	16.58	144.75	145
16.63	16.6	144.5	144.75
16.84	16.75	145.5	145.75
16.76	16.69	145.5	145.5
17.22	17.07	148	147.75
17.26	17.06	149.25	148.5
17.12	16.93	149.5	148.25
17.31	17.12	153.5	151.25
17.24	17.07	153.5	151.5
17.46	17.24	153.25	151.25
17.39	17.16	154	152.25
17.5	17.2	155	152.75
17.39	17.15	152.5	151
17.56	17.27	153.75	151.75
17.97	17.67	154.25	152.25
18.25	17.89	155.75	154
18.23	17.94	161.25	158
18.26	17.95	160.75	156.25
18.63	18.28	164.25	159.25
18.9	17.98	164.25	158
17.62	17.32	155	154
17.62	17.32	155	154
18.36	17.98	158.25	156.5
18.5	18.07	159.75	158
18.53	18.14	162.5	160
18.79	18.29	158	156
18.55	18.05	158.75	157
18.74	18.26	160.5	157.75
18.71	18.21	158.75	156.75
19.07	18.47	158.25	157.25
19.06	18.55	158	157.25
19.17	18.61	159	158.25
18.67	18.27	158	157.5
18.57	18.18	156.75	155.5
18.92	18.4	157.25	156.5
19	18.39	157.75	156.75
19	18.39	157.75	156.75
18.33	17.97	156	155.75
18.44	18.01	154.25	153.25
18.31	17.78	154.25	153.25
18.52	17.92	150	150.5
18.75	18.2	152.25	152.25
18.77	18.45	153.75	153.75
18.37	18.01	155	154.5
18.29	18.05	156.5	156
18.39	18.1	156.75	155.75
18.48	18.15	158.5	156.75
18.39	18.12	161.75	158.75
18.13	17.84	160.75	158
18	17.77	160	156.25
17.36	17.26	158.25	154.25
17.6	17.41	157.25	152.5
17.7	17.48	156	151.75
17.69	17.45	155	152.75
17.94	17.67	155.5	153.25
18.1	17.78	156	153.75
17.89	17.61	154.5	152.5
17.98	17.69	154.25	152.5
17.76	17.53	155	152
17.69	17.48	155.5	151.25
17.66	17.49	155.5	151.5
17.7	17.48	153	153
17.87	17.57	152	152.25
17.9	17.49	153.75	153.25
17.34	17.14	152.25	152.25
16.71	16.61	148.75	149
16.69	16.61	147.75	148.25
16.21	16.21	145.25	145.5
16.39	16.27	145.75	146.5
16.45	16.26	145	145.25
16.43	16.28	147.75	147.25
16.63	16.41	149.25	149
16.83	16.59	151.25	150.75
16.43	16.21	149.25	149.25
16.38	16.17	147.5	146.75
16.27	16.11	147.75	146.75
16.02	15.93	146.5	146
16.09	15.96	148.25	147
16.2	16.07	150.5	149.25
16.05	15.9	149	147.75
16.11	16.01	148	147.25
16.06	15.94	149	148.25
16.23	15.95	149	149
16.05	15.82	148.25	148.5
16.06	15.89	146.75	147.5
15.83	15.83	146.5	147.25
15.91	15.91	147.25	147.5
15.83	15.83	147.25	147.5
15.6	15.66	147	147.5
15.59	15.6	145.75	146.25
15.65	15.66	147	147.5
15.73	15.68	148	148
16.11	16.06	153.5	153
16.11	16.02	151	151.75
16.01	15.93	150	150.75
16.01	15.92	149	149.25
16.15	16.07	151	151.5
16.21	16.14	151.5	152.5
16.23	16.16	150.75	151.25
16.23	16.17	150.75	151.5
16.17	16.08	150.75	151
16.19	16.09	150.75	152
16.29	16.2	150.75	151.75
16.31	16.24	150.75	152
16.26	16.16	153.25	154.25
15.96	15.88	151.5	152.25
15.85	15.8	151.5	151.75
15.84	15.82	151.25	151.75
15.96	15.89	152.75	153.5
16.04	15.97	153.25	154
16.26	16.19	154.5	155.5
16.29	16.2	154.5	155.75
16.26	16.17	155.25	156.25
16.2	16.12	155.75	156.25
16.17	16.06	155.75	156.25
16.17	16.06	155.75	156.25
16.19	16.06	155.25	155.75
16.2	16.1	155.5	156.5
16.25	16.17	156.25	157.5
16.43	16.34	157.25	158.25
16.61	16.47	160.75	162.25
16.85	16.7	160.5	161.75
16.66	16.54	160.25	161.5
16.62	16.48	159	160.5
16.74	16.59	159.75	161.5
16.74	16.58	159	161
16.87	16.73	159	161.5
16.78	16.65	159.75	160
16.91	16.84	159.25	159.75
16.8	16.63	159.25	160
16.84	16.65	158.5	159.5
16.79	16.6	159	159
16.39	16.26	153.75	154.5
16.12	15.99	152.25	152.5
15.96	15.87	153.25	153.25
16.08	15.96	153.25	153
16	15.9	153.25	152.75
16.17	16.02	152.75	153
16.33	16.14	153	153.5
16.12	15.96	151.75	152.5
16.23	16.01	149	150
16.16	15.97	149	150.25
15.98	15.82	149.25	150.5
15.61	15.48	147	147.75
15.76	15.62	146.25	147.5
15.96	15.81	146.75	148
16.03	15.85	146	147.25
15.94	15.81	146.25	147.75
15.83	15.73	146.25	146.75
16.23	16	146.75	147.5
16.31	16.13	146.5	147.5
16.11	15.99	146.75	147.75
16.05	15.95	147.5	147.25
15.84	15.74	146.75	147.25
15.88	15.8	146.25	147
15.94	15.83	146.25	147
16.05	15.95	149.25	149.5
16.03	15.9	149.75	149.5
16.25	16.09	152.25	151.75
16.28	16.09	151.75	151.5
16.27	16.08	151.5	151
16.33	16.12	152.5	151.75
16.39	16.2	151.75	151.5
16.64	16.41	154.75	154.75
16.63	16.36	156	155.5
16.47	16.28	155.25	154.25
16.4	16.18	155.5	153.5
16.62	16.36	155.25	153.5
16.65	16.33	156.75	155.25
16.58	16.32	156.75	152.75
16.6	16.38	154	154.5
16.62	16.37	152.5	153
16.73	16.46	154	154.25
16.68	16.44	154.5	154.75
16.93	16.67	157.5	156.5
16.81	16.61	158.5	157.25
16.75	16.52	157.25	156.5
16.75	16.57	156.5	156
16.74	16.54	157.25	156.75
16.79	16.55	157.5	157.25
17.18	16.88	158.75	158.75
17.14	16.83	158	158
17.08	16.79	157.75	157.5
17.04	16.74	156.75	156.75
17.25	16.93	157.5	157.75
17.45	17.12	161.25	161.5
17.52	17.17	163.5	164
17.59	17.24	163.25	163.75
17.57	17.21	165	165.5
17.76	17.41	167	167.25
17.52	17.19	170.5	170.75
17.63	17.34	170.5	167
17.94	17.6	167	163.75
18.06	17.62	169.75	165.75
17.83	17.47	169.5	165.75
17.88	17.51	170.25	167
17.74	17.42	171	167
17.85	17.42	172.25	169.25
17.8	17.4	173	170
17.82	17.38	172.5	169.25
17.82	17.38	172.5	169.25
18.35	17.79	180	175.5
18.26	17.75	178.25	172.75
18.33	17.79	179.75	173.75
18.62	18.05	176.25	172
18.63	18.08	179	174
18.68	18.17	176.25	171.5
19.05	18.45	179.25	174.5
19.22	18.55	182.5	177.5
18.66	18.19	180.25	175.75
18.5	18.02	175.5	169.75
17.89	17.41	175.5	164.25
17.41	16.91	156.5	152.5
17.56	16.97	155.25	152.5
17.76	16.72	157.25	154.25
17.09	16.61	156.25	152.75
17.32	16.82	160	156
17.12	16.69	158.5	155.25
16.99	16.52	155.5	152.75
16.87	16.47	155.75	153.5
16.99	16.62	155.25	153.75
16.48	16.18	155.25	152.75
16.49	16.17	155.75	151.25
16.22	15.91	155.25	149.75
16.37	16.01	155.75	151.5
16.52	16.15	157	151.75
16.52	16.08	160	153.75
16.71	16.19	163.5	154.5
16.54	16.01	169.5	156
16.61	16.07	165.75	154.75
16.59	16.08	171.75	157.75
16.74	16.1	176.5	158.75
16.78	16.17	180	159.75
16.93	16.34	180	160
17.79	17.18	170	158.25
17.93	17.17	171.5	159.5
17.15	16.64	164.5	155
17.1	16.55	165.25	155.5
17.22	16.68	169.5	157.75
17.55	16.95	169.75	158.5
18.22	17.56	173.5	160
18.28	17.55	177.25	162.25
17.55	16.96	176.75	162.25
17.8	17.18	173	159.5
17.97	17.28	178	161
17.71	16.99	174.5	159.5
17.76	17.06	173	160.75
17.76	17.03	168.75	159.25
17.5	16.75	166	156.75
17.92	17.05	168.75	158.25
18.38	17.46	174.25	158.75
18.39	17.36	183	161.75
18.19	17.3	185	161.5
18.4	17.57	190.5	164.25
18.86	17.87	190.5	166
18.92	17.98	169	161.5
19.05	18.14	166.75	160
18.18	17.47	167	158.75
18.85	17.98	174.75	166.25
18.61	17.76	177	165.75
18.68	17.75	184.25	168.75
18.87	17.9	179.75	166.75
19.62	18.38	183.75	171
20.18	18.79	185	170.75
19.94	18.57	194.75	176.25
19.69	18.46	197.5	177.75
19.21	18.11	188	171
19.41	18.32	184	171
19.74	18.66	182.75	172.25
20.19	19	188.25	176
19.98	18.82	191.5	176
20.25	18.95	191.5	177
20.25	18.95	191.5	177
20.7	19.28	192.25	179
22.03	20.03	192.25	183.75
23.06	20.94	192.25	188.75
21.75	19.95	185.75	175.75
21.83	20.4	184.25	174
19.51	18.39	178.75	170.25
19.12	18.1	171.5	163.5
18.4	17.72	170.25	162.25
18.53	17.95	167.5	160.75
19.03	18.32	167.75	162.5
20.23	19.22	173	167.5
19.88	18.96	174.25	169.25
19.84	18.92	173	168.75
19.8	18.95	171.5	167.25
19.85	19.11	170.5	167
19.02	18.4	166.5	166
18.8	18.12	165.25	164.75
18.79	18.09	165.5	164
19.17	18.41	164.75	163.75
19.17	18.41	164.75	163.75
19.36	18.26	166.75	164.75
19.3	18.32	166.75	165
18.8	18.17	162.75	162.25
19.05	18.35	162.75	165.75
19.33	18.51	168.25	164.75
19.35	18.58	167	164
19.3	18.53	166.75	164
18.69	17.97	164	160.25
17.54	17.22	161.25	157.5
18.61	18.23	161.25	158
18.42	18.01	164.75	161.25
19.06	18.48	169.5	165.25
18.89	18.29	169.75	165.75
19.1	18.43	168.75	164.75
18.94	18.33	166.25	164
18.63	18.13	166.5	163.25
17.89	17.57	165.75	161.75
17.8	17.44	163.5	160.5
17.92	17.51	164.5	160.5
18.55	17.99	164.5	161.25
17.86	17.5	161.25	159.25
18.04	17.55	160.5	158.75
18.28	17.8	161	159.5
18.28	17.82	162	160.25
18.03	17.59	162.25	159.25
18.06	17.68	162.25	160
18.01	17.56	159.25	158
17.85	17.5	158	157.25
18.65	18.26	163.5	162.25
18.2	17.85	163.25	162
18	17.6	161	160
18.08	17.7	160.25	158.75
18.06	17.6	160.5	159.25
18.1	17.71	160.25	159.5
18.09	17.65	159.25	158.75
18.71	18.15	162	160.5
18.87	18.31	168	166.75
18.91	18.39	167.75	166
19.47	18.83	171.75	170
19.05	18.53	173	169.75
19.31	18.68	172.25	169.25
19.52	18.9	177.25	172.5
19.74	19.1	176.5	173
19.35	18.81	175.75	172
19.53	19	174.75	170.75
19.64	19.09	178.75	173.5
20.04	19.53	178.75	177.5
20.01	19.56	175.25	173.25
20.45	20	176.5	174.25
20.46	20.03	179.25	176.75
19.4	18.97	178.5	175.5
19.43	18.96	178.5	174.75
19.22	18.8	179	175.5
19.17	18.79	177.25	173.5
19.41	18.98	178.75	175
19.07	18.66	178.75	174.75
19.22	18.84	178.25	175
18.72	18.39	174.75	171.25
18.89	18.54	174.75	172.5
18.77	18.46	174.25	172.5
18.9	18.58	177	175
19.4	19.05	174.75	172.75
19.59	19.27	178.25	176.5
19.63	19.27	181.25	178.5
19.62	19.27	180.5	178
19.76	19.41	179.25	177.25
19.97	19.61	181	179.75
19.93	19.59	179.75	179
20.66	20.15	179.75	180.75
20.73	20.27	183.75	183
20.68	20.07	184.25	183.5
20.57	19.99	184	183
20.53	20.07	186.5	185.25
20.85	20.41	188.5	186.5
20.47	20.08	188.25	187
20.2	19.76	188	186
20.72	20.22	191	189.25
20.41	19.99	191	189.25
20.41	19.99	191	189.25
20.03	19.66	189.25	187.75
20.27	19.85	191.75	189.75
20.75	20.23	196.75	194.25
20.78	20.32	196.75	193.75
21.99	21.13	207.75	204.5
22.21	21.38	204.5	201
22.11	21.36	207.5	202.25
22.16	21.5	212.75	203.75
22.54	21.89	219.75	210.5
22.61	21.89	217.25	209.25
22.88	22.27	218	211.5
23.58	22.87	221.75	216.5
23.87	23.17	221.75	219.5
24.12	23.13	221.75	215.75
21.6	21.15	213.75	208
21.71	21.24	214.5	207.5
22.31	21.73	218.5	211
21.91	21.45	215.5	208.25
21.99	21.52	214	207
22.26	21.74	218.25	209.75
22.96	22.39	223.25	215
23.2	22.67	225	217
22.93	22.48	231.75	223
23.47	22.9	228.5	219.25
23.21	22.7	232.5	223.25
23.07	22.6	235.75	225
23.1	22.59	243.25	231.5
23.74	23.2	246.75	234.5
23.85	23.3	245.5	235.5
24.49	23.86	247.25	240.75
24.58	24.11	247	240
24.27	23.77	246	238.25
23.59	23.17	246	224.5
23.98	23.48	226.5	220
24.86	24.38	233.75	227
24.73	24.11	230.5	224.75
24.83	23.94	227.5	222.5
24.19	23.54	227.75	223
24.53	23.88	234	227
24.64	23.85	234.25	227.75
24.66	23.97	230.75	225.75
24.07	23.41	225.75	221.25
23.75	23.15	223.75	219.25
24.22	23.46	224.25	219.25
24.18	23.6	227	221.75
23.74	23.34	223.25	218
23.57	23.17	217.25	213.25
22.67	22.32	219	214
22.5	22.15	212	207
22.28	21.97	209	205.25
22.19	21.85	208.5	204.25
22.15	21.83	215	208.75
22.21	21.89	218.75	209.75
22.98	22.6	219.75	211
23.01	22.62	220.5	211.75
22.83	22.52	220.5	210.75
23.89	23.34	216.25	212.25
23.81	23.6	219.25	215.25
23.3	23.12	220.75	216.25
22.87	22.46	218.75	215.75
23.38	22.92	221.75	217.75
22.54	22	223.75	220.75
23.13	22.53	219	217
23.03	22.37	222.75	220.5
22.62	22.13	219	216.5
22.74	22.23	217	214.5
22.72	22.23	216.25	214
22.6	22	217.5	214.5
22.77	22.13	220.25	216.5
23.62	23.05	219.75	216.25
23.77	23.12	222.75	220
23.78	23.05	224	222.5
24.63	23.77	229.5	227.5
24.54	23.78	224	224
24.1	23.46	215.5	216.75
23.29	22.76	213	214.75
22.15	21.64	202.75	205
22.52	22.14	205	205.25
23.53	22.9	213.75	207.75
23.89	23.25	222.5	215.25
23.7	23.03	222	216
23.92	23.26	219.25	213.75
23.98	23.28	217.75	214.25
23.46	22.91	215	213.5
23.19	22.61	211.5	210.5
23.39	22.87	215.5	214.75
23.39	22.87	215.5	214.75
23.42	22.81	217	215.5
23.69	23.15	223	218
23.81	23.24	223.75	218.5
24.22	23.6	232	226.25
24.12	23.56	227.5	222.75
24.56	24.09	232	228.5
24.59	23.96	229.5	226.25
24.8	24.19	230.25	226
24.57	24	233.75	230.75
24.34	23.84	233.75	226.25
23.48	23.14	219	211
23.36	22.98	213.75	207.25
23.84	23.65	213.5	205.75
23.59	23.07	218.75	210.25
22.54	22.12	215.75	207.25
22.58	22.16	209	203.25
22.36	21.97	203.75	199.25
22.48	22.02	203	200
22.42	22	208	204
22.26	21.86	200	197.5
22.05	21.66	199.75	196.25
22.25	21.73	200.5	196.5
22.77	22.3	204.5	199.5
23.18	22.63	212	203.5
22.52	22.06	209.25	201.75
22.54	22.07	204	196.75
22.43	21.98	203	194.5
22.47	21.99	201	193
21.69	21.26	191.75	186.25
20.95	20.64	190.25	185.25
21.13	20.76	188.25	181.25
21.14	20.75	192.5	182.75
20.52	20.24	192.5	184.5
20.49	20.33	180	178
20.49	20.27	178.25	176.5
20.34	20.07	177.5	176
20.39	20.13	175	175.25
20.63	20.32	176	176
20.08	19.79	173.5	173.75
19.79	19.51	170.5	171.5
19.12	18.91	166.75	167.75
19.45	19.17	168.75	169.75
19.58	19.29	165.75	167.25
19.35	19.1	164.5	166.25
18.85	18.62	162.5	164
18.92	18.65	160.25	161.75
19.5	19.14	163.75	164.75
19.4	19.1	162	163.75
19.7	19.35	164.75	166
19.86	19.67	169	170.5
19.28	19.15	167	169
19.24	19.1	163.25	165.25
19.61	19.39	163.25	167.5
19.89	19.42	169.25	170.75
20.14	19.74	169.5	171
19.5	19.39	170.75	172
20.25	20.11	172	173.25
20.32	20.23	175.25	176.25
20.18	20.1	173.25	174.5
19.99	20.01	170.75	172.75
19.59	19.62	170.75	171.75
19.54	19.62	172.25	173.5
19.29	19.32	172.5	174
19.38	19.48	166.75	169
19.38	19.48	166.75	169
19.11	19.23	165.5	167.5
18.51	18.78	165.5	167.5
18.18	18.43	162	163.75
17.68	17.93	162.25	163.75
17.76	17.97	162	163.25
17.93	18.1	162.75	164
17.75	18	162.5	164.25
17.93	18.14	162.5	160.5
17.88	18.07	163.5	165
18.19	18.34	165	166.25
17.96	18.14	165.25	166.5
17.81	18	162.75	163.75
17.69	17.88	162.25	163.5
17.92	18.07	163.25	164.25
18.34	18.43	165.25	166
17.99	18.09	163.75	164.75
18.06	18.12	163	164.25
18.41	18.47	164.75	165
18.27	18.34	165.5	166
18.26	18.31	165.75	166
18.61	18.67	168.75	168.25
18.52	18.64	171.75	170.5
18.29	18.43	171	170
17.97	18.14	165.5	165.25
17.97	18.14	165.5	165.25
18.07	18.15	166.5	166.25
18.16	18.22	167.5	166.5
18.69	18.64	169	167.5
18.93	18.76	170.75	167.5
19.72	19.47	170.75	173.75
19.62	19.46	173.25	174
19.51	19.54	170.75	172
19.44	19.49	172	173.75
20.35	20.18	173	174.5
20.16	20.19	177.75	179.25
20	19.95	177.75	179.75
20.13	20.12	176.25	177.5
20.18	20.17	179	179.5
20	20	177.75	178.5
19.22	19.28	172	173
19.24	19.38	173	173.25
19.48	19.57	174.25	175.25
19.38	19.49	172.5	173.75
19.52	19.59	174	175.25
18.9	19.06	170	171.5
18.72	18.89	168.75	170.5
18.32	18.46	165.75	167.75
17.7	17.92	164.25	165.75
17.56	17.82	160	161.75
17.5	17.77	161.5	162.75
17.35	17.64	162.25	163.75
17.44	17.71	162.25	162.5
17.69	17.76	162.75	164.5
17.86	18.03	161.75	163.75
18.08	18.21	163.75	165.5
17.77	17.95	158.75	160.5
17.78	17.89	159.5	161.75
17.67	17.9	158.5	160.5
17.98	18.08	160.25	162
17.87	18.05	160.25	162.25
18.22	18.38	160.25	162
17.85	17.99	161.75	163.25
18.18	18.26	163.75	165.25
18.51	18.6	165.25	166.5
18.8	18.81	167.75	169.25
18.92	18.97	167.5	169
18.21	18.32	164.5	165.75
18.06	18.21	162	163.5
18.19	18.3	161.25	162.25
18.38	18.46	162.75	163.5
18.22	18.31	162.5	163.25
17.96	18.05	162.5	161.75
18.09	18.12	162	163.5
17.82	17.86	160.75	162.5
18.39	18.37	162.75	164.25
18.4	18.3	163.75	165.75
18.69	18.71	167	168.25
18.12	18.17	163.5	165.5
18.09	18.19	162.5	164.25
18.22	18.29	163	164.75
18.39	18.4	165	166.25
18.44	18.5	165.25	167
18.53	18.59	167.5	168.75
18.41	18.46	167	168.5
18.59	18.62	167.75	169
18.97	18.94	171	172
18.94	18.92	169.25	170.5
18.95	18.97	171.5	173
19.46	19.43	172.25	173.5
19.52	19.54	176.25	177.75
19.2	19.3	175.25	176.75
18.9	19.1	172.5	174
18.48	18.63	169.5	171
18.58	18.75	168	169.75
18.85	18.93	168	170.75
18.99	19.16	170	172
19.19	19.06	173.75	175.5
18.99	19.12	171.25	173
18.93	19	169.5	171.5
19.07	19.16	171.75	173.75
18.96	19.04	171.25	173.25
18.51	18.63	169	171
18.54	18.63	166.5	168.75
18.54	18.63	166.5	168.75
18.2	18.35	163	165.25
18.56	18.72	163.5	165.75
18.4	18.54	164	166.5
18.51	18.61	164.25	166.5
18.43	18.58	163.5	165.75
18.44	18.55	164.75	167
18.37	18.49	163.75	165.75
18.26	18.39	163.25	165
18.47	18.53	164.5	165.75
18.33	18.44	163.25	165
18.28	18.39	163.75	165.25
18.3	18.39	161.25	162.75
18.3	18.36	161.25	164.25
18.26	18.37	163.5	165.25
18.23	18.33	163.75	165.5
18.58	18.68	167	168.75
18.41	18.54	166.25	167.75
18.41	18.52	166.75	168.5
18.4	18.52	166.5	168
18.63	18.72	169.75	171
18.64	18.75	170.5	171.75
18.8	18.9	170.25	171.5
19.14	19.25	172.5	174.25
19.56	19.6	173.25	175.25
19.95	19.91	175.5	177.25
19.9	19.91	180.75	182.25
19.82	19.81	178.25	179.75
20.48	20.49	178.5	180.25
21.61	21.4	187.25	188.5
20.64	20.5	185	186.5
20.69	20.63	184.5	186.5
20.82	20.8	185.5	187
20.79	20.79	185	186
20.73	20.74	185	185.5
20.14	20.11	181.25	182.5
19.58	19.61	180.75	182.5
19.51	19.55	177.75	179.25
19.79	19.92	180	181.25
19.75	19.78	183.5	184.75
19.77	19.79	179.25	180.25
19.75	19.76	179.25	180.75
20.34	20.29	182	183.5
20.02	20.08	182	183.75
19.89	19.95	180.25	182
19.99	20.05	180.5	181.75
19.43	19.55	176	177.5
19.64	19.71	178.5	179.75
20.1	20.13	181	182
20.02	20.03	183	184
19.95	19.94	181.75	182.75
19.61	19.65	181	181.75
19.38	19.48	179.75	180.5
19.47	19.55	178.5	179.75
19.79	19.83	180.75	181.5
19.45	19.52	179.5	180
19.6	19.6	179	180
19.52	19.61	179	179.25
19.78	19.8	181.25	181.25
20.05	19.9	183.75	183.75
19.38	19.31	179.5	179.75
19.22	19.21	179	179
19.18	19.14	177.75	177.75
18.68	18.67	174	173.75
18.88	18.83	174.75	173.5
19.09	19	175.75	174.25
19.09	19.05	176.75	175.75
18.56	18.53	171.25	170.75
18.76	18.69	171.75	171.5
18.94	18.91	171.75	171.75
18.16	18.16	164	165
18.19	18.18	165.75	166.25
18.17	18.18	164.75	166.25
18	18.06	165.25	166.25
18.13	18.18	164.75	166.25
